    0 1 2 3     4 vertex possible order 0 3 2 1,  3 0 2 1
0   0 1 1 0
1   0 0 0 0      
2   0 1 0 0
3   0 1 1 0   


   0 1 2 3 4   5 vertex possible order 0 1 2 3 4,  0 1 3 2 4
0  0 1 1 1 0
1  0 0 1 1 0
2  0 0 0 0 1
3  0 0 0 0 1
4  0 0 0 0 0



   1 2 3 4 5 6   6 vertex possible order 1 2 3 4 5 6, 1 2 3 4 6 5,  1 3 2 4 5 6,   1 3 2 4 6 5 
1  0 1 1 0 0 0
2  0 0 0 1 1 0
3  0 0 0 1 0 1
4  0 0 0 0 1 1
5  0 0 0 0 0 0
6  0 0 0 0 0 0




    0 1 2 3 4 5 6    7 vertex possible order 1 6 3 0 5 2 4,   0 1 3 6 5 2 4
0   0 0 1 0 0 1 0
1   0 0 0 1 0 0 1
2   0 0 0 0 1 0 0
3   0 0 0 0 0 1 0
4   0 0 0 0 0 0 0
5   0 0 1 0 1 0 0
6   0 0 1 0 0 0 0





    0 1 2 3 4 5 6 7    8 vertex possible order 7 6 5 4 3 2 1 0
0   0 0 0 0 0 0 0 0
1   1 0 0 0 0 0 0 0
2   0 1 0 0 0 0 0 0
3   0 1 0 0 0 0 0 0
4   0 0 0 0 0 0 0 0
5   0 0 1 0 1 0 0 0
6   0 0 0 1 1 0 0 0
7   0 0 0 0 0 1 1 0
